  1,  20,  21, 238, 223
  2,  21,  22, 239, 238
  3,  22,  23, 240, 239
  4,  23,  24, 241, 240
  5,  24,  25, 242, 241
  6,  25,  26, 243, 242
  7,  26,  27, 244, 243
  8,  27,  28, 245, 244
  9,  28,  29, 246, 245
 10,  29,  30, 247, 246
 11,  30,  31, 248, 247
 12,  31,  32, 249, 248
 13,  32,  33, 250, 249
 14,  33,  34, 251, 250
 15,  34,  35, 252, 251
 16,  35,   1,  36, 252
 17, 223, 238, 253, 222
 18, 238, 239, 254, 253
 19, 239, 240, 255, 254
 20, 240, 241, 256, 255
 21, 241, 242, 257, 256
 22, 242, 243, 258, 257
 23, 243, 244, 259, 258
 24, 244, 245, 260, 259
 25, 245, 246, 261, 260
 26, 246, 247, 262, 261
 27, 247, 248, 263, 262
 28, 248, 249, 264, 263
 29, 249, 250, 265, 264
 30, 250, 251, 266, 265
 31, 251, 252, 267, 266
 32, 252,  36,  37, 267
 33, 222, 253, 268, 221
 34, 253, 254, 269, 268
 35, 254, 255, 270, 269
 36, 255, 256, 271, 270
 37, 256, 257, 272, 271
 38, 257, 258, 273, 272
 39, 258, 259, 274, 273
 40, 259, 260, 275, 274
 41, 260, 261, 276, 275
 42, 261, 262, 277, 276
 43, 262, 263, 278, 277
 44, 263, 264, 279, 278
 45, 264, 265, 280, 279
 46, 265, 266, 281, 280
 47, 266, 267, 282, 281
 48, 267,  37,  38, 282
 49, 221, 268, 283, 220
 50, 268, 269, 284, 283
 51, 269, 270, 285, 284
 52, 270, 271, 286, 285
 53, 271, 272, 287, 286
 54, 272, 273, 288, 287
 55, 273, 274, 289, 288
 56, 274, 275, 290, 289
 57, 275, 276, 291, 290
 58, 276, 277, 292, 291
 59, 277, 278, 293, 292
 60, 278, 279, 294, 293
 61, 279, 280, 295, 294
 62, 280, 281, 296, 295
 63, 281, 282, 297, 296
 64, 282,  38,  39, 297
 65, 220, 283, 219, 204
 66, 283, 284, 218, 219
 67, 284, 285, 217, 218
 68, 285, 286, 216, 217
 69, 286, 287, 215, 216
 70, 287, 288, 214, 215
 71, 288, 289, 213, 214
 72, 289, 290, 212, 213
 73, 290, 291, 211, 212
 74, 291, 292, 210, 211
 75, 292, 293, 209, 210
 76, 293, 294, 208, 209
 77, 294, 295, 207, 208
 78, 295, 296, 206, 207
 79, 296, 297, 205, 206
 80, 297,  39,  40, 205
 81,  40,  41, 298, 205
 82,  41,  42, 299, 298
 83,  42,  43, 300, 299
 84,  43,  44, 301, 300
 85,  44,  45, 302, 301
 86,  45,  46, 303, 302
 87,  46,  47, 304, 303
 88,  47,  48, 305, 304
 89,  48,  49, 306, 305
 90,  49,  50, 307, 306
 91,  50,  51, 308, 307
 92,  51,  52, 309, 308
 93,  52,  53, 310, 309
 94,  53,  54, 311, 310
 95,  54,   2,  55, 311
 96, 205, 298, 312, 206
 97, 298, 299, 313, 312
 98, 299, 300, 314, 313
 99, 300, 301, 315, 314
100, 301, 302, 316, 315
101, 302, 303, 317, 316
102, 303, 304, 318, 317
103, 304, 305, 319, 318
104, 305, 306, 320, 319
105, 306, 307, 321, 320
106, 307, 308, 322, 321
107, 308, 309, 323, 322
108, 309, 310, 324, 323
109, 310, 311, 325, 324
110, 311,  55,  56, 325
111, 206, 312, 326, 207
112, 312, 313, 327, 326
113, 313, 314, 328, 327
114, 314, 315, 329, 328
115, 315, 316, 330, 329
116, 316, 317, 331, 330
117, 317, 318, 332, 331
118, 318, 319, 333, 332
119, 319, 320, 334, 333
120, 320, 321, 335, 334
121, 321, 322, 336, 335
122, 322, 323, 337, 336
123, 323, 324, 338, 337
124, 324, 325, 339, 338
125, 325,  56,  57, 339
126, 207, 326, 340, 208
127, 326, 327, 341, 340
128, 327, 328, 342, 341
129, 328, 329, 343, 342
130, 329, 330, 344, 343
131, 330, 331, 345, 344
132, 331, 332, 346, 345
133, 332, 333, 347, 346
134, 333, 334, 348, 347
135, 334, 335, 349, 348
136, 335, 336, 350, 349
137, 336, 337, 351, 350
138, 337, 338, 352, 351
139, 338, 339, 353, 352
140, 339,  57,  58, 353
141, 208, 340, 354, 209
142, 340, 341, 355, 354
143, 341, 342, 356, 355
144, 342, 343, 357, 356
145, 343, 344, 358, 357
146, 344, 345, 359, 358
147, 345, 346, 360, 359
148, 346, 347, 361, 360
149, 347, 348, 362, 361
150, 348, 349, 363, 362
151, 349, 350, 364, 363
152, 350, 351, 365, 364
153, 351, 352, 366, 365
154, 352, 353, 367, 366
155, 353,  58,  59, 367
156, 209, 354, 368, 210
157, 354, 355, 369, 368
158, 355, 356, 370, 369
159, 356, 357, 371, 370
160, 357, 358, 372, 371
161, 358, 359, 373, 372
162, 359, 360, 374, 373
163, 360, 361, 375, 374
164, 361, 362, 376, 375
165, 362, 363, 377, 376
166, 363, 364, 378, 377
167, 364, 365, 379, 378
168, 365, 366, 380, 379
169, 366, 367, 381, 380
170, 367,  59,  60, 381
171, 210, 368, 382, 211
172, 368, 369, 383, 382
173, 369, 370, 384, 383
174, 370, 371, 385, 384
175, 371, 372, 386, 385
176, 372, 373, 387, 386
177, 373, 374, 388, 387
178, 374, 375, 389, 388
179, 375, 376, 390, 389
180, 376, 377, 391, 390
181, 377, 378, 392, 391
182, 378, 379, 393, 392
183, 379, 380, 394, 393
184, 380, 381, 395, 394
185, 381,  60,  61, 395
186, 211, 382, 396, 212
187, 382, 383, 397, 396
188, 383, 384, 398, 397
189, 384, 385, 399, 398
190, 385, 386, 400, 399
191, 386, 387, 401, 400
192, 387, 388, 402, 401
193, 388, 389, 403, 402
194, 389, 390, 404, 403
195, 390, 391, 405, 404
196, 391, 392, 406, 405
197, 392, 393, 407, 406
198, 393, 394, 408, 407
199, 394, 395, 409, 408
200, 395,  61,  62, 409
201, 212, 396, 410, 213
202, 396, 397, 411, 410
203, 397, 398, 412, 411
204, 398, 399, 413, 412
205, 399, 400, 414, 413
206, 400, 401, 415, 414
207, 401, 402, 416, 415
208, 402, 403, 417, 416
209, 403, 404, 418, 417
210, 404, 405, 419, 418
211, 405, 406, 420, 419
212, 406, 407, 421, 420
213, 407, 408, 422, 421
214, 408, 409, 423, 422
215, 409,  62,  63, 423
216, 213, 410, 424, 214
217, 410, 411, 425, 424
218, 411, 412, 426, 425
219, 412, 413, 427, 426
220, 413, 414, 428, 427
221, 414, 415, 429, 428
222, 415, 416, 430, 429
223, 416, 417, 431, 430
224, 417, 418, 432, 431
225, 418, 419, 433, 432
226, 419, 420, 434, 433
227, 420, 421, 435, 434
228, 421, 422, 436, 435
229, 422, 423, 437, 436
230, 423,  63,  64, 437
231, 214, 424, 438, 215
232, 424, 425, 439, 438
233, 425, 426, 440, 439
234, 426, 427, 441, 440
235, 427, 428, 442, 441
236, 428, 429, 443, 442
237, 429, 430, 444, 443
238, 430, 431, 445, 444
239, 431, 432, 446, 445
240, 432, 433, 447, 446
241, 433, 434, 448, 447
242, 434, 435, 449, 448
243, 435, 436, 450, 449
244, 436, 437, 451, 450
245, 437,  64,  65, 451
246, 215, 438, 452, 216
247, 438, 439, 453, 452
248, 439, 440, 454, 453
249, 440, 441, 455, 454
250, 441, 442, 456, 455
251, 442, 443, 457, 456
252, 443, 444, 458, 457
253, 444, 445, 459, 458
254, 445, 446, 460, 459
255, 446, 447, 461, 460
256, 447, 448, 462, 461
257, 448, 449, 463, 462
258, 449, 450, 464, 463
259, 450, 451, 465, 464
260, 451,  65,  66, 465
261, 216, 452, 466, 217
262, 452, 453, 467, 466
263, 453, 454, 468, 467
264, 454, 455, 469, 468
265, 455, 456, 470, 469
266, 456, 457, 471, 470
267, 457, 458, 472, 471
268, 458, 459, 473, 472
269, 459, 460, 474, 473
270, 460, 461, 475, 474
271, 461, 462, 476, 475
272, 462, 463, 477, 476
273, 463, 464, 478, 477
274, 464, 465, 479, 478
275, 465,  66,  67, 479
276, 217, 466, 480, 218
277, 466, 467, 481, 480
278, 467, 468, 482, 481
279, 468, 469, 483, 482
280, 469, 470, 484, 483
281, 470, 471, 485, 484
282, 471, 472, 486, 485
283, 472, 473, 487, 486
284, 473, 474, 488, 487
285, 474, 475, 489, 488
286, 475, 476, 490, 489
287, 476, 477, 491, 490
288, 477, 478, 492, 491
289, 478, 479, 493, 492
290, 479,  67,  68, 493
291, 218, 480, 494, 219
292, 480, 481, 495, 494
293, 481, 482, 496, 495
294, 482, 483, 497, 496
295, 483, 484, 498, 497
296, 484, 485, 499, 498
297, 485, 486, 500, 499
298, 486, 487, 501, 500
299, 487, 488, 502, 501
300, 488, 489, 503, 502
301, 489, 490, 504, 503
302, 490, 491, 505, 504
303, 491, 492, 506, 505
304, 492, 493, 507, 506
305, 493,  68,  69, 507
306, 219, 494, 237, 204
307, 494, 495, 236, 237
308, 495, 496, 235, 236
309, 496, 497, 234, 235
310, 497, 498, 233, 234
311, 498, 499, 232, 233
312, 499, 500, 231, 232
313, 500, 501, 230, 231
314, 501, 502, 229, 230
315, 502, 503, 228, 229
316, 503, 504, 227, 228
317, 504, 505, 226, 227
318, 505, 506, 225, 226
319, 506, 507, 224, 225
320, 507,  69,  70, 224
321,  70,  71, 508, 224
322,  71,  72, 509, 508
323,  72,  73, 510, 509
324,  73,  74, 511, 510
325,  74,   3,   6, 511
326, 224, 508, 512, 225
327, 508, 509, 513, 512
328, 509, 510, 514, 513
329, 510, 511, 515, 514
330, 511,   6,   7, 515
331, 225, 512, 516, 226
332, 512, 513, 517, 516
333, 513, 514, 518, 517
334, 514, 515, 519, 518
335, 515,   7,   8, 519
336, 226, 516, 520, 227
337, 516, 517, 521, 520
338, 517, 518, 522, 521
339, 518, 519, 523, 522
340, 519,   8,   9, 523
341, 227, 520, 524, 228
342, 520, 521, 525, 524
343, 521, 522, 526, 525
344, 522, 523, 527, 526
345, 523,   9,  10, 527
346, 228, 524, 528, 229
347, 524, 525, 529, 528
348, 525, 526, 530, 529
349, 526, 527, 531, 530
350, 527,  10,  11, 531
351, 229, 528, 532, 230
352, 528, 529, 533, 532
353, 529, 530, 534, 533
354, 530, 531, 535, 534
355, 531,  11,  12, 535
356, 230, 532, 536, 231
357, 532, 533, 537, 536
358, 533, 534, 538, 537
359, 534, 535, 539, 538
360, 535,  12,  13, 539
361, 231, 536, 540, 232
362, 536, 537, 541, 540
363, 537, 538, 542, 541
364, 538, 539, 543, 542
365, 539,  13,  14, 543
366, 232, 540, 544, 233
367, 540, 541, 545, 544
368, 541, 542, 546, 545
369, 542, 543, 547, 546
370, 543,  14,  15, 547
371, 233, 544, 548, 234
372, 544, 545, 549, 548
373, 545, 546, 550, 549
374, 546, 547, 551, 550
375, 547,  15,  16, 551
376, 234, 548, 552, 235
377, 548, 549, 553, 552
378, 549, 550, 554, 553
379, 550, 551, 555, 554
380, 551,  16,  17, 555
381, 235, 552, 556, 236
382, 552, 553, 557, 556
383, 553, 554, 558, 557
384, 554, 555, 559, 558
385, 555,  17,  18, 559
386, 236, 556, 560, 237
387, 556, 557, 561, 560
388, 557, 558, 562, 561
389, 558, 559, 563, 562
390, 559,  18,  19, 563
391, 237, 560, 220, 204
392, 560, 561, 221, 220
393, 561, 562, 222, 221
394, 562, 563, 223, 222
395, 563,  19,  20, 223
396,  70,  69, 598, 593
397,  69,  68, 599, 598
398,  68,  67, 600, 599
399,  67,  66, 601, 600
400,  66,  65, 602, 601
401,  65,  64, 603, 602
402,  64,  63, 604, 603
403,  63,  62, 605, 604
404,  62,  61, 606, 605
405,  61,  60, 607, 606
406,  60,  59, 608, 607
407,  59,  58, 609, 608
408,  58,  57, 610, 609
409,  57,  56, 611, 610
410,  56,  55, 612, 611
411,  55,   2,  75, 612
412, 593, 598, 613, 592
413, 598, 599, 614, 613
414, 599, 600, 615, 614
415, 600, 601, 616, 615
416, 601, 602, 617, 616
417, 602, 603, 618, 617
418, 603, 604, 619, 618
419, 604, 605, 620, 619
420, 605, 606, 621, 620
421, 606, 607, 622, 621
422, 607, 608, 623, 622
423, 608, 609, 624, 623
424, 609, 610, 625, 624
425, 610, 611, 626, 625
426, 611, 612, 627, 626
427, 612,  75,  76, 627
428, 592, 613, 628, 591
429, 613, 614, 629, 628
430, 614, 615, 630, 629
431, 615, 616, 631, 630
432, 616, 617, 632, 631
433, 617, 618, 633, 632
434, 618, 619, 634, 633
435, 619, 620, 635, 634
436, 620, 621, 636, 635
437, 621, 622, 637, 636
438, 622, 623, 638, 637
439, 623, 624, 639, 638
440, 624, 625, 640, 639
441, 625, 626, 641, 640
442, 626, 627, 642, 641
443, 627,  76,  77, 642
444, 591, 628, 643, 590
445, 628, 629, 644, 643
446, 629, 630, 645, 644
447, 630, 631, 646, 645
448, 631, 632, 647, 646
449, 632, 633, 648, 647
450, 633, 634, 649, 648
451, 634, 635, 650, 649
452, 635, 636, 651, 650
453, 636, 637, 652, 651
454, 637, 638, 653, 652
455, 638, 639, 654, 653
456, 639, 640, 655, 654
457, 640, 641, 656, 655
458, 641, 642, 657, 656
459, 642,  77,  78, 657
460, 590, 643, 658, 589
461, 643, 644, 659, 658
462, 644, 645, 660, 659
463, 645, 646, 661, 660
464, 646, 647, 662, 661
465, 647, 648, 663, 662
466, 648, 649, 664, 663
467, 649, 650, 665, 664
468, 650, 651, 666, 665
469, 651, 652, 667, 666
470, 652, 653, 668, 667
471, 653, 654, 669, 668
472, 654, 655, 670, 669
473, 655, 656, 671, 670
474, 656, 657, 672, 671
475, 657,  78,  79, 672
476, 589, 658, 673, 588
477, 658, 659, 674, 673
478, 659, 660, 675, 674
479, 660, 661, 676, 675
480, 661, 662, 677, 676
481, 662, 663, 678, 677
482, 663, 664, 679, 678
483, 664, 665, 680, 679
484, 665, 666, 681, 680
485, 666, 667, 682, 681
486, 667, 668, 683, 682
487, 668, 669, 684, 683
488, 669, 670, 685, 684
489, 670, 671, 686, 685
490, 671, 672, 687, 686
491, 672,  79,  80, 687
492, 588, 673, 688, 587
493, 673, 674, 689, 688
494, 674, 675, 690, 689
495, 675, 676, 691, 690
496, 676, 677, 692, 691
497, 677, 678, 693, 692
498, 678, 679, 694, 693
499, 679, 680, 695, 694
500, 680, 681, 696, 695
501, 681, 682, 697, 696
502, 682, 683, 698, 697
503, 683, 684, 699, 698
504, 684, 685, 700, 699
505, 685, 686, 701, 700
506, 686, 687, 702, 701
507, 687,  80,  81, 702
508, 587, 688, 703, 586
509, 688, 689, 704, 703
510, 689, 690, 705, 704
511, 690, 691, 706, 705
512, 691, 692, 707, 706
513, 692, 693, 708, 707
514, 693, 694, 709, 708
515, 694, 695, 710, 709
516, 695, 696, 711, 710
517, 696, 697, 712, 711
518, 697, 698, 713, 712
519, 698, 699, 714, 713
520, 699, 700, 715, 714
521, 700, 701, 716, 715
522, 701, 702, 717, 716
523, 702,  81,  82, 717
524, 586, 703, 718, 585
525, 703, 704, 719, 718
526, 704, 705, 720, 719
527, 705, 706, 721, 720
528, 706, 707, 722, 721
529, 707, 708, 723, 722
530, 708, 709, 724, 723
531, 709, 710, 725, 724
532, 710, 711, 726, 725
533, 711, 712, 727, 726
534, 712, 713, 728, 727
535, 713, 714, 729, 728
536, 714, 715, 730, 729
537, 715, 716, 731, 730
538, 716, 717, 732, 731
539, 717,  82,  83, 732
540, 585, 718, 733, 584
541, 718, 719, 734, 733
542, 719, 720, 735, 734
543, 720, 721, 736, 735
544, 721, 722, 737, 736
545, 722, 723, 738, 737
546, 723, 724, 739, 738
547, 724, 725, 740, 739
548, 725, 726, 741, 740
549, 726, 727, 742, 741
550, 727, 728, 743, 742
551, 728, 729, 744, 743
552, 729, 730, 745, 744
553, 730, 731, 746, 745
554, 731, 732, 747, 746
555, 732,  83,  84, 747
556, 584, 733, 748, 583
557, 733, 734, 749, 748
558, 734, 735, 750, 749
559, 735, 736, 751, 750
560, 736, 737, 752, 751
561, 737, 738, 753, 752
562, 738, 739, 754, 753
563, 739, 740, 755, 754
564, 740, 741, 756, 755
565, 741, 742, 757, 756
566, 742, 743, 758, 757
567, 743, 744, 759, 758
568, 744, 745, 760, 759
569, 745, 746, 761, 760
570, 746, 747, 762, 761
571, 747,  84,  85, 762
572, 583, 748, 763, 582
573, 748, 749, 764, 763
574, 749, 750, 765, 764
575, 750, 751, 766, 765
576, 751, 752, 767, 766
577, 752, 753, 768, 767
578, 753, 754, 769, 768
579, 754, 755, 770, 769
580, 755, 756, 771, 770
581, 756, 757, 772, 771
582, 757, 758, 773, 772
583, 758, 759, 774, 773
584, 759, 760, 775, 774
585, 760, 761, 776, 775
586, 761, 762, 777, 776
587, 762,  85,  86, 777
588, 582, 763, 778, 581
589, 763, 764, 779, 778
590, 764, 765, 780, 779
591, 765, 766, 781, 780
592, 766, 767, 782, 781
593, 767, 768, 783, 782
594, 768, 769, 784, 783
595, 769, 770, 785, 784
596, 770, 771, 786, 785
597, 771, 772, 787, 786
598, 772, 773, 788, 787
599, 773, 774, 789, 788
600, 774, 775, 790, 789
601, 775, 776, 791, 790
602, 776, 777, 792, 791
603, 777,  86,  87, 792
604, 581, 778, 793, 580
605, 778, 779, 794, 793
606, 779, 780, 795, 794
607, 780, 781, 796, 795
608, 781, 782, 797, 796
609, 782, 783, 798, 797
610, 783, 784, 799, 798
611, 784, 785, 800, 799
612, 785, 786, 801, 800
613, 786, 787, 802, 801
614, 787, 788, 803, 802
615, 788, 789, 804, 803
616, 789, 790, 805, 804
617, 790, 791, 806, 805
618, 791, 792, 807, 806
619, 792,  87,  88, 807
620, 580, 793, 579, 564
621, 793, 794, 578, 579
622, 794, 795, 577, 578
623, 795, 796, 576, 577
624, 796, 797, 575, 576
625, 797, 798, 574, 575
626, 798, 799, 573, 574
627, 799, 800, 572, 573
628, 800, 801, 571, 572
629, 801, 802, 570, 571
630, 802, 803, 569, 570
631, 803, 804, 568, 569
632, 804, 805, 567, 568
633, 805, 806, 566, 567
634, 806, 807, 565, 566
635, 807,  88,  89, 565
636,  89,  90, 808, 565
637,  90,  91, 809, 808
638,  91,  92, 810, 809
639,  92,  93, 811, 810
640,  93,   4,  94, 811
641, 565, 808, 812, 566
642, 808, 809, 813, 812
643, 809, 810, 814, 813
644, 810, 811, 815, 814
645, 811,  94,  95, 815
646, 566, 812, 816, 567
647, 812, 813, 817, 816
648, 813, 814, 818, 817
649, 814, 815, 819, 818
650, 815,  95,  96, 819
651, 567, 816, 820, 568
652, 816, 817, 821, 820
653, 817, 818, 822, 821
654, 818, 819, 823, 822
655, 819,  96,  97, 823
656, 568, 820, 824, 569
657, 820, 821, 825, 824
658, 821, 822, 826, 825
659, 822, 823, 827, 826
660, 823,  97,  98, 827
661, 569, 824, 828, 570
662, 824, 825, 829, 828
663, 825, 826, 830, 829
664, 826, 827, 831, 830
665, 827,  98,  99, 831
666, 570, 828, 832, 571
667, 828, 829, 833, 832
668, 829, 830, 834, 833
669, 830, 831, 835, 834
670, 831,  99, 100, 835
671, 571, 832, 836, 572
672, 832, 833, 837, 836
673, 833, 834, 838, 837
674, 834, 835, 839, 838
675, 835, 100, 101, 839
676, 572, 836, 840, 573
677, 836, 837, 841, 840
678, 837, 838, 842, 841
679, 838, 839, 843, 842
680, 839, 101, 102, 843
681, 573, 840, 844, 574
682, 840, 841, 845, 844
683, 841, 842, 846, 845
684, 842, 843, 847, 846
685, 843, 102, 103, 847
686, 574, 844, 848, 575
687, 844, 845, 849, 848
688, 845, 846, 850, 849
689, 846, 847, 851, 850
690, 847, 103, 104, 851
691, 575, 848, 852, 576
692, 848, 849, 853, 852
693, 849, 850, 854, 853
694, 850, 851, 855, 854
695, 851, 104, 105, 855
696, 576, 852, 856, 577
697, 852, 853, 857, 856
698, 853, 854, 858, 857
699, 854, 855, 859, 858
700, 855, 105, 106, 859
701, 577, 856, 860, 578
702, 856, 857, 861, 860
703, 857, 858, 862, 861
704, 858, 859, 863, 862
705, 859, 106, 107, 863
706, 578, 860, 864, 579
707, 860, 861, 865, 864
708, 861, 862, 866, 865
709, 862, 863, 867, 866
710, 863, 107, 108, 867
711, 579, 864, 597, 564
712, 864, 865, 596, 597
713, 865, 866, 595, 596
714, 866, 867, 594, 595
715, 867, 108, 109, 594
716, 109, 110, 868, 594
717, 110, 111, 869, 868
718, 111, 112, 870, 869
719, 112, 113, 871, 870
720, 113, 114, 872, 871
721, 114, 115, 873, 872
722, 115, 116, 874, 873
723, 116, 117, 875, 874
724, 117, 118, 876, 875
725, 118, 119, 877, 876
726, 119, 120, 878, 877
727, 120, 121, 879, 878
728, 121, 122, 880, 879
729, 122, 123, 881, 880
730, 123,   3,  74, 881
731, 594, 868, 882, 595
732, 868, 869, 883, 882
733, 869, 870, 884, 883
734, 870, 871, 885, 884
735, 871, 872, 886, 885
736, 872, 873, 887, 886
737, 873, 874, 888, 887
738, 874, 875, 889, 888
739, 875, 876, 890, 889
740, 876, 877, 891, 890
741, 877, 878, 892, 891
742, 878, 879, 893, 892
743, 879, 880, 894, 893
744, 880, 881, 895, 894
745, 881,  74,  73, 895
746, 595, 882, 896, 596
747, 882, 883, 897, 896
748, 883, 884, 898, 897
749, 884, 885, 899, 898
750, 885, 886, 900, 899
751, 886, 887, 901, 900
752, 887, 888, 902, 901
753, 888, 889, 903, 902
754, 889, 890, 904, 903
755, 890, 891, 905, 904
756, 891, 892, 906, 905
757, 892, 893, 907, 906
758, 893, 894, 908, 907
759, 894, 895, 909, 908
760, 895,  73,  72, 909
761, 596, 896, 910, 597
762, 896, 897, 911, 910
763, 897, 898, 912, 911
764, 898, 899, 913, 912
765, 899, 900, 914, 913
766, 900, 901, 915, 914
767, 901, 902, 916, 915
768, 902, 903, 917, 916
769, 903, 904, 918, 917
770, 904, 905, 919, 918
771, 905, 906, 920, 919
772, 906, 907, 921, 920
773, 907, 908, 922, 921
774, 908, 909, 923, 922
775, 909,  72,  71, 923
776, 597, 910, 580, 564
777, 910, 911, 581, 580
778, 911, 912, 582, 581
779, 912, 913, 583, 582
780, 913, 914, 584, 583
781, 914, 915, 585, 584
782, 915, 916, 586, 585
783, 916, 917, 587, 586
784, 917, 918, 588, 587
785, 918, 919, 589, 588
786, 919, 920, 590, 589
787, 920, 921, 591, 590
788, 921, 922, 592, 591
789, 922, 923, 593, 592
790, 923,  71,  70, 593
 791,  138,  139,  958,  943
 792,  139,  140,  959,  958
 793,  140,  141,  960,  959
 794,  141,  142,  961,  960
 795,  142,  143,  962,  961
 796,  143,  144,  963,  962
 797,  144,  145,  964,  963
 798,  145,  146,  965,  964
 799,  146,  147,  966,  965
 800,  147,  148,  967,  966
 801,  148,  149,  968,  967
 802,  149,  150,  969,  968
 803,  150,  151,  970,  969
 804,  151,  152,  971,  970
 805,  152,  153,  972,  971
 806,  153,    4,   93,  972
 807,  943,  958,  973,  942
 808,  958,  959,  974,  973
 809,  959,  960,  975,  974
 810,  960,  961,  976,  975
 811,  961,  962,  977,  976
 812,  962,  963,  978,  977
 813,  963,  964,  979,  978
 814,  964,  965,  980,  979
 815,  965,  966,  981,  980
 816,  966,  967,  982,  981
 817,  967,  968,  983,  982
 818,  968,  969,  984,  983
 819,  969,  970,  985,  984
 820,  970,  971,  986,  985
 821,  971,  972,  987,  986
 822,  972,   93,   92,  987
 823,  942,  973,  988,  941
 824,  973,  974,  989,  988
 825,  974,  975,  990,  989
 826,  975,  976,  991,  990
 827,  976,  977,  992,  991
 828,  977,  978,  993,  992
 829,  978,  979,  994,  993
 830,  979,  980,  995,  994
 831,  980,  981,  996,  995
 832,  981,  982,  997,  996
 833,  982,  983,  998,  997
 834,  983,  984,  999,  998
 835,  984,  985, 1000,  999
 836,  985,  986, 1001, 1000
 837,  986,  987, 1002, 1001
 838,  987,   92,   91, 1002
 839,  941,  988, 1003,  940
 840,  988,  989, 1004, 1003
 841,  989,  990, 1005, 1004
 842,  990,  991, 1006, 1005
 843,  991,  992, 1007, 1006
 844,  992,  993, 1008, 1007
 845,  993,  994, 1009, 1008
 846,  994,  995, 1010, 1009
 847,  995,  996, 1011, 1010
 848,  996,  997, 1012, 1011
 849,  997,  998, 1013, 1012
 850,  998,  999, 1014, 1013
 851,  999, 1000, 1015, 1014
 852, 1000, 1001, 1016, 1015
 853, 1001, 1002, 1017, 1016
 854, 1002,   91,   90, 1017
 855,  940, 1003,  939,  924
 856, 1003, 1004,  938,  939
 857, 1004, 1005,  937,  938
 858, 1005, 1006,  936,  937
 859, 1006, 1007,  935,  936
 860, 1007, 1008,  934,  935
 861, 1008, 1009,  933,  934
 862, 1009, 1010,  932,  933
 863, 1010, 1011,  931,  932
 864, 1011, 1012,  930,  931
 865, 1012, 1013,  929,  930
 866, 1013, 1014,  928,  929
 867, 1014, 1015,  927,  928
 868, 1015, 1016,  926,  927
 869, 1016, 1017,  925,  926
 870, 1017,   90,   89,  925
 871,   89,   88, 1018,  925
 872,   88,   87, 1019, 1018
 873,   87,   86, 1020, 1019
 874,   86,   85, 1021, 1020
 875,   85,   84, 1022, 1021
 876,   84,   83, 1023, 1022
 877,   83,   82, 1024, 1023
 878,   82,   81, 1025, 1024
 879,   81,   80, 1026, 1025
 880,   80,   79, 1027, 1026
 881,   79,   78, 1028, 1027
 882,   78,   77, 1029, 1028
 883,   77,   76, 1030, 1029
 884,   76,   75, 1031, 1030
 885,   75,    2,  154, 1031
 886,  925, 1018, 1032,  926
 887, 1018, 1019, 1033, 1032
 888, 1019, 1020, 1034, 1033
 889, 1020, 1021, 1035, 1034
 890, 1021, 1022, 1036, 1035
 891, 1022, 1023, 1037, 1036
 892, 1023, 1024, 1038, 1037
 893, 1024, 1025, 1039, 1038
 894, 1025, 1026, 1040, 1039
 895, 1026, 1027, 1041, 1040
 896, 1027, 1028, 1042, 1041
 897, 1028, 1029, 1043, 1042
 898, 1029, 1030, 1044, 1043
 899, 1030, 1031, 1045, 1044
 900, 1031,  154,  155, 1045
 901,  926, 1032, 1046,  927
 902, 1032, 1033, 1047, 1046
 903, 1033, 1034, 1048, 1047
 904, 1034, 1035, 1049, 1048
 905, 1035, 1036, 1050, 1049
 906, 1036, 1037, 1051, 1050
 907, 1037, 1038, 1052, 1051
 908, 1038, 1039, 1053, 1052
 909, 1039, 1040, 1054, 1053
 910, 1040, 1041, 1055, 1054
 911, 1041, 1042, 1056, 1055
 912, 1042, 1043, 1057, 1056
 913, 1043, 1044, 1058, 1057
 914, 1044, 1045, 1059, 1058
 915, 1045,  155,  156, 1059
 916,  927, 1046, 1060,  928
 917, 1046, 1047, 1061, 1060
 918, 1047, 1048, 1062, 1061
 919, 1048, 1049, 1063, 1062
 920, 1049, 1050, 1064, 1063
 921, 1050, 1051, 1065, 1064
 922, 1051, 1052, 1066, 1065
 923, 1052, 1053, 1067, 1066
 924, 1053, 1054, 1068, 1067
 925, 1054, 1055, 1069, 1068
 926, 1055, 1056, 1070, 1069
 927, 1056, 1057, 1071, 1070
 928, 1057, 1058, 1072, 1071
 929, 1058, 1059, 1073, 1072
 930, 1059,  156,  157, 1073
 931,  928, 1060, 1074,  929
 932, 1060, 1061, 1075, 1074
 933, 1061, 1062, 1076, 1075
 934, 1062, 1063, 1077, 1076
 935, 1063, 1064, 1078, 1077
 936, 1064, 1065, 1079, 1078
 937, 1065, 1066, 1080, 1079
 938, 1066, 1067, 1081, 1080
 939, 1067, 1068, 1082, 1081
 940, 1068, 1069, 1083, 1082
 941, 1069, 1070, 1084, 1083
 942, 1070, 1071, 1085, 1084
 943, 1071, 1072, 1086, 1085
 944, 1072, 1073, 1087, 1086
 945, 1073,  157,  158, 1087
 946,  929, 1074, 1088,  930
 947, 1074, 1075, 1089, 1088
 948, 1075, 1076, 1090, 1089
 949, 1076, 1077, 1091, 1090
 950, 1077, 1078, 1092, 1091
 951, 1078, 1079, 1093, 1092
 952, 1079, 1080, 1094, 1093
 953, 1080, 1081, 1095, 1094
 954, 1081, 1082, 1096, 1095
 955, 1082, 1083, 1097, 1096
 956, 1083, 1084, 1098, 1097
 957, 1084, 1085, 1099, 1098
 958, 1085, 1086, 1100, 1099
 959, 1086, 1087, 1101, 1100
 960, 1087,  158,  159, 1101
 961,  930, 1088, 1102,  931
 962, 1088, 1089, 1103, 1102
 963, 1089, 1090, 1104, 1103
 964, 1090, 1091, 1105, 1104
 965, 1091, 1092, 1106, 1105
 966, 1092, 1093, 1107, 1106
 967, 1093, 1094, 1108, 1107
 968, 1094, 1095, 1109, 1108
 969, 1095, 1096, 1110, 1109
 970, 1096, 1097, 1111, 1110
 971, 1097, 1098, 1112, 1111
 972, 1098, 1099, 1113, 1112
 973, 1099, 1100, 1114, 1113
 974, 1100, 1101, 1115, 1114
 975, 1101,  159,  160, 1115
 976,  931, 1102, 1116,  932
 977, 1102, 1103, 1117, 1116
 978, 1103, 1104, 1118, 1117
 979, 1104, 1105, 1119, 1118
 980, 1105, 1106, 1120, 1119
 981, 1106, 1107, 1121, 1120
 982, 1107, 1108, 1122, 1121
 983, 1108, 1109, 1123, 1122
 984, 1109, 1110, 1124, 1123
 985, 1110, 1111, 1125, 1124
 986, 1111, 1112, 1126, 1125
 987, 1112, 1113, 1127, 1126
 988, 1113, 1114, 1128, 1127
 989, 1114, 1115, 1129, 1128
 990, 1115,  160,  161, 1129
 991,  932, 1116, 1130,  933
 992, 1116, 1117, 1131, 1130
 993, 1117, 1118, 1132, 1131
 994, 1118, 1119, 1133, 1132
 995, 1119, 1120, 1134, 1133
 996, 1120, 1121, 1135, 1134
 997, 1121, 1122, 1136, 1135
 998, 1122, 1123, 1137, 1136
 999, 1123, 1124, 1138, 1137
1000, 1124, 1125, 1139, 1138
1001, 1125, 1126, 1140, 1139
1002, 1126, 1127, 1141, 1140
1003, 1127, 1128, 1142, 1141
1004, 1128, 1129, 1143, 1142
1005, 1129,  161,  162, 1143
1006,  933, 1130, 1144,  934
1007, 1130, 1131, 1145, 1144
1008, 1131, 1132, 1146, 1145
1009, 1132, 1133, 1147, 1146
1010, 1133, 1134, 1148, 1147
1011, 1134, 1135, 1149, 1148
1012, 1135, 1136, 1150, 1149
1013, 1136, 1137, 1151, 1150
1014, 1137, 1138, 1152, 1151
1015, 1138, 1139, 1153, 1152
1016, 1139, 1140, 1154, 1153
1017, 1140, 1141, 1155, 1154
1018, 1141, 1142, 1156, 1155
1019, 1142, 1143, 1157, 1156
1020, 1143,  162,  163, 1157
1021,  934, 1144, 1158,  935
1022, 1144, 1145, 1159, 1158
1023, 1145, 1146, 1160, 1159
1024, 1146, 1147, 1161, 1160
1025, 1147, 1148, 1162, 1161
1026, 1148, 1149, 1163, 1162
1027, 1149, 1150, 1164, 1163
1028, 1150, 1151, 1165, 1164
1029, 1151, 1152, 1166, 1165
1030, 1152, 1153, 1167, 1166
1031, 1153, 1154, 1168, 1167
1032, 1154, 1155, 1169, 1168
1033, 1155, 1156, 1170, 1169
1034, 1156, 1157, 1171, 1170
1035, 1157,  163,  164, 1171
1036,  935, 1158, 1172,  936
1037, 1158, 1159, 1173, 1172
1038, 1159, 1160, 1174, 1173
1039, 1160, 1161, 1175, 1174
1040, 1161, 1162, 1176, 1175
1041, 1162, 1163, 1177, 1176
1042, 1163, 1164, 1178, 1177
1043, 1164, 1165, 1179, 1178
1044, 1165, 1166, 1180, 1179
1045, 1166, 1167, 1181, 1180
1046, 1167, 1168, 1182, 1181
1047, 1168, 1169, 1183, 1182
1048, 1169, 1170, 1184, 1183
1049, 1170, 1171, 1185, 1184
1050, 1171,  164,  165, 1185
1051,  936, 1172, 1186,  937
1052, 1172, 1173, 1187, 1186
1053, 1173, 1174, 1188, 1187
1054, 1174, 1175, 1189, 1188
1055, 1175, 1176, 1190, 1189
1056, 1176, 1177, 1191, 1190
1057, 1177, 1178, 1192, 1191
1058, 1178, 1179, 1193, 1192
1059, 1179, 1180, 1194, 1193
1060, 1180, 1181, 1195, 1194
1061, 1181, 1182, 1196, 1195
1062, 1182, 1183, 1197, 1196
1063, 1183, 1184, 1198, 1197
1064, 1184, 1185, 1199, 1198
1065, 1185,  165,  166, 1199
1066,  937, 1186, 1200,  938
1067, 1186, 1187, 1201, 1200
1068, 1187, 1188, 1202, 1201
1069, 1188, 1189, 1203, 1202
1070, 1189, 1190, 1204, 1203
1071, 1190, 1191, 1205, 1204
1072, 1191, 1192, 1206, 1205
1073, 1192, 1193, 1207, 1206
1074, 1193, 1194, 1208, 1207
1075, 1194, 1195, 1209, 1208
1076, 1195, 1196, 1210, 1209
1077, 1196, 1197, 1211, 1210
1078, 1197, 1198, 1212, 1211
1079, 1198, 1199, 1213, 1212
1080, 1199,  166,  167, 1213
1081,  938, 1200, 1214,  939
1082, 1200, 1201, 1215, 1214
1083, 1201, 1202, 1216, 1215
1084, 1202, 1203, 1217, 1216
1085, 1203, 1204, 1218, 1217
1086, 1204, 1205, 1219, 1218
1087, 1205, 1206, 1220, 1219
1088, 1206, 1207, 1221, 1220
1089, 1207, 1208, 1222, 1221
1090, 1208, 1209, 1223, 1222
1091, 1209, 1210, 1224, 1223
1092, 1210, 1211, 1225, 1224
1093, 1211, 1212, 1226, 1225
1094, 1212, 1213, 1227, 1226
1095, 1213,  167,  168, 1227
1096,  939, 1214,  957,  924
1097, 1214, 1215,  956,  957
1098, 1215, 1216,  955,  956
1099, 1216, 1217,  954,  955
1100, 1217, 1218,  953,  954
1101, 1218, 1219,  952,  953
1102, 1219, 1220,  951,  952
1103, 1220, 1221,  950,  951
1104, 1221, 1222,  949,  950
1105, 1222, 1223,  948,  949
1106, 1223, 1224,  947,  948
1107, 1224, 1225,  946,  947
1108, 1225, 1226,  945,  946
1109, 1226, 1227,  944,  945
1110, 1227,  168,  169,  944
1111,  169,  170, 1228,  944
1112,  170,  171, 1229, 1228
1113,  171,  172, 1230, 1229
1114,  172,  173, 1231, 1230
1115,  173,    5,  124, 1231
1116,  944, 1228, 1232,  945
1117, 1228, 1229, 1233, 1232
1118, 1229, 1230, 1234, 1233
1119, 1230, 1231, 1235, 1234
1120, 1231,  124,  125, 1235
1121,  945, 1232, 1236,  946
1122, 1232, 1233, 1237, 1236
1123, 1233, 1234, 1238, 1237
1124, 1234, 1235, 1239, 1238
1125, 1235,  125,  126, 1239
1126,  946, 1236, 1240,  947
1127, 1236, 1237, 1241, 1240
1128, 1237, 1238, 1242, 1241
1129, 1238, 1239, 1243, 1242
1130, 1239,  126,  127, 1243
1131,  947, 1240, 1244,  948
1132, 1240, 1241, 1245, 1244
1133, 1241, 1242, 1246, 1245
1134, 1242, 1243, 1247, 1246
1135, 1243,  127,  128, 1247
1136,  948, 1244, 1248,  949
1137, 1244, 1245, 1249, 1248
1138, 1245, 1246, 1250, 1249
1139, 1246, 1247, 1251, 1250
1140, 1247,  128,  129, 1251
1141,  949, 1248, 1252,  950
1142, 1248, 1249, 1253, 1252
1143, 1249, 1250, 1254, 1253
1144, 1250, 1251, 1255, 1254
1145, 1251,  129,  130, 1255
1146,  950, 1252, 1256,  951
1147, 1252, 1253, 1257, 1256
1148, 1253, 1254, 1258, 1257
1149, 1254, 1255, 1259, 1258
1150, 1255,  130,  131, 1259
1151,  951, 1256, 1260,  952
1152, 1256, 1257, 1261, 1260
1153, 1257, 1258, 1262, 1261
1154, 1258, 1259, 1263, 1262
1155, 1259,  131,  132, 1263
1156,  952, 1260, 1264,  953
1157, 1260, 1261, 1265, 1264
1158, 1261, 1262, 1266, 1265
1159, 1262, 1263, 1267, 1266
1160, 1263,  132,  133, 1267
1161,  953, 1264, 1268,  954
1162, 1264, 1265, 1269, 1268
1163, 1265, 1266, 1270, 1269
1164, 1266, 1267, 1271, 1270
1165, 1267,  133,  134, 1271
1166,  954, 1268, 1272,  955
1167, 1268, 1269, 1273, 1272
1168, 1269, 1270, 1274, 1273
1169, 1270, 1271, 1275, 1274
1170, 1271,  134,  135, 1275
1171,  955, 1272, 1276,  956
1172, 1272, 1273, 1277, 1276
1173, 1273, 1274, 1278, 1277
1174, 1274, 1275, 1279, 1278
1175, 1275,  135,  136, 1279
1176,  956, 1276, 1280,  957
1177, 1276, 1277, 1281, 1280
1178, 1277, 1278, 1282, 1281
1179, 1278, 1279, 1283, 1282
1180, 1279,  136,  137, 1283
1181,  957, 1280,  940,  924
1182, 1280, 1281,  941,  940
1183, 1281, 1282,  942,  941
1184, 1282, 1283,  943,  942
1185, 1283,  137,  138,  943
1186,  169,  168, 1318, 1313
1187,  168,  167, 1319, 1318
1188,  167,  166, 1320, 1319
1189,  166,  165, 1321, 1320
1190,  165,  164, 1322, 1321
1191,  164,  163, 1323, 1322
1192,  163,  162, 1324, 1323
1193,  162,  161, 1325, 1324
1194,  161,  160, 1326, 1325
1195,  160,  159, 1327, 1326
1196,  159,  158, 1328, 1327
1197,  158,  157, 1329, 1328
1198,  157,  156, 1330, 1329
1199,  156,  155, 1331, 1330
1200,  155,  154, 1332, 1331
1201,  154,    2,   54, 1332
1202, 1313, 1318, 1333, 1312
1203, 1318, 1319, 1334, 1333
1204, 1319, 1320, 1335, 1334
1205, 1320, 1321, 1336, 1335
1206, 1321, 1322, 1337, 1336
1207, 1322, 1323, 1338, 1337
1208, 1323, 1324, 1339, 1338
1209, 1324, 1325, 1340, 1339
1210, 1325, 1326, 1341, 1340
1211, 1326, 1327, 1342, 1341
1212, 1327, 1328, 1343, 1342
1213, 1328, 1329, 1344, 1343
1214, 1329, 1330, 1345, 1344
1215, 1330, 1331, 1346, 1345
1216, 1331, 1332, 1347, 1346
1217, 1332,   54,   53, 1347
1218, 1312, 1333, 1348, 1311
1219, 1333, 1334, 1349, 1348
1220, 1334, 1335, 1350, 1349
1221, 1335, 1336, 1351, 1350
1222, 1336, 1337, 1352, 1351
1223, 1337, 1338, 1353, 1352
1224, 1338, 1339, 1354, 1353
1225, 1339, 1340, 1355, 1354
1226, 1340, 1341, 1356, 1355
1227, 1341, 1342, 1357, 1356
1228, 1342, 1343, 1358, 1357
1229, 1343, 1344, 1359, 1358
1230, 1344, 1345, 1360, 1359
1231, 1345, 1346, 1361, 1360
1232, 1346, 1347, 1362, 1361
1233, 1347,   53,   52, 1362
1234, 1311, 1348, 1363, 1310
1235, 1348, 1349, 1364, 1363
1236, 1349, 1350, 1365, 1364
1237, 1350, 1351, 1366, 1365
1238, 1351, 1352, 1367, 1366
1239, 1352, 1353, 1368, 1367
1240, 1353, 1354, 1369, 1368
1241, 1354, 1355, 1370, 1369
1242, 1355, 1356, 1371, 1370
1243, 1356, 1357, 1372, 1371
1244, 1357, 1358, 1373, 1372
1245, 1358, 1359, 1374, 1373
1246, 1359, 1360, 1375, 1374
1247, 1360, 1361, 1376, 1375
1248, 1361, 1362, 1377, 1376
1249, 1362,   52,   51, 1377
1250, 1310, 1363, 1378, 1309
1251, 1363, 1364, 1379, 1378
1252, 1364, 1365, 1380, 1379
1253, 1365, 1366, 1381, 1380
1254, 1366, 1367, 1382, 1381
1255, 1367, 1368, 1383, 1382
1256, 1368, 1369, 1384, 1383
1257, 1369, 1370, 1385, 1384
1258, 1370, 1371, 1386, 1385
1259, 1371, 1372, 1387, 1386
1260, 1372, 1373, 1388, 1387
1261, 1373, 1374, 1389, 1388
1262, 1374, 1375, 1390, 1389
1263, 1375, 1376, 1391, 1390
1264, 1376, 1377, 1392, 1391
1265, 1377,   51,   50, 1392
1266, 1309, 1378, 1393, 1308
1267, 1378, 1379, 1394, 1393
1268, 1379, 1380, 1395, 1394
1269, 1380, 1381, 1396, 1395
1270, 1381, 1382, 1397, 1396
1271, 1382, 1383, 1398, 1397
1272, 1383, 1384, 1399, 1398
1273, 1384, 1385, 1400, 1399
1274, 1385, 1386, 1401, 1400
1275, 1386, 1387, 1402, 1401
1276, 1387, 1388, 1403, 1402
1277, 1388, 1389, 1404, 1403
1278, 1389, 1390, 1405, 1404
1279, 1390, 1391, 1406, 1405
1280, 1391, 1392, 1407, 1406
1281, 1392,   50,   49, 1407
1282, 1308, 1393, 1408, 1307
1283, 1393, 1394, 1409, 1408
1284, 1394, 1395, 1410, 1409
1285, 1395, 1396, 1411, 1410
1286, 1396, 1397, 1412, 1411
1287, 1397, 1398, 1413, 1412
1288, 1398, 1399, 1414, 1413
1289, 1399, 1400, 1415, 1414
1290, 1400, 1401, 1416, 1415
1291, 1401, 1402, 1417, 1416
1292, 1402, 1403, 1418, 1417
1293, 1403, 1404, 1419, 1418
1294, 1404, 1405, 1420, 1419
1295, 1405, 1406, 1421, 1420
1296, 1406, 1407, 1422, 1421
1297, 1407,   49,   48, 1422
1298, 1307, 1408, 1423, 1306
1299, 1408, 1409, 1424, 1423
1300, 1409, 1410, 1425, 1424
1301, 1410, 1411, 1426, 1425
1302, 1411, 1412, 1427, 1426
1303, 1412, 1413, 1428, 1427
1304, 1413, 1414, 1429, 1428
1305, 1414, 1415, 1430, 1429
1306, 1415, 1416, 1431, 1430
1307, 1416, 1417, 1432, 1431
1308, 1417, 1418, 1433, 1432
1309, 1418, 1419, 1434, 1433
1310, 1419, 1420, 1435, 1434
1311, 1420, 1421, 1436, 1435
1312, 1421, 1422, 1437, 1436
1313, 1422,   48,   47, 1437
1314, 1306, 1423, 1438, 1305
1315, 1423, 1424, 1439, 1438
1316, 1424, 1425, 1440, 1439
1317, 1425, 1426, 1441, 1440
1318, 1426, 1427, 1442, 1441
1319, 1427, 1428, 1443, 1442
1320, 1428, 1429, 1444, 1443
1321, 1429, 1430, 1445, 1444
1322, 1430, 1431, 1446, 1445
1323, 1431, 1432, 1447, 1446
1324, 1432, 1433, 1448, 1447
1325, 1433, 1434, 1449, 1448
1326, 1434, 1435, 1450, 1449
1327, 1435, 1436, 1451, 1450
1328, 1436, 1437, 1452, 1451
1329, 1437,   47,   46, 1452
1330, 1305, 1438, 1453, 1304
1331, 1438, 1439, 1454, 1453
1332, 1439, 1440, 1455, 1454
1333, 1440, 1441, 1456, 1455
1334, 1441, 1442, 1457, 1456
1335, 1442, 1443, 1458, 1457
1336, 1443, 1444, 1459, 1458
1337, 1444, 1445, 1460, 1459
1338, 1445, 1446, 1461, 1460
1339, 1446, 1447, 1462, 1461
1340, 1447, 1448, 1463, 1462
1341, 1448, 1449, 1464, 1463
1342, 1449, 1450, 1465, 1464
1343, 1450, 1451, 1466, 1465
1344, 1451, 1452, 1467, 1466
1345, 1452,   46,   45, 1467
1346, 1304, 1453, 1468, 1303
1347, 1453, 1454, 1469, 1468
1348, 1454, 1455, 1470, 1469
1349, 1455, 1456, 1471, 1470
1350, 1456, 1457, 1472, 1471
1351, 1457, 1458, 1473, 1472
1352, 1458, 1459, 1474, 1473
1353, 1459, 1460, 1475, 1474
1354, 1460, 1461, 1476, 1475
1355, 1461, 1462, 1477, 1476
1356, 1462, 1463, 1478, 1477
1357, 1463, 1464, 1479, 1478
1358, 1464, 1465, 1480, 1479
1359, 1465, 1466, 1481, 1480
1360, 1466, 1467, 1482, 1481
1361, 1467,   45,   44, 1482
1362, 1303, 1468, 1483, 1302
1363, 1468, 1469, 1484, 1483
1364, 1469, 1470, 1485, 1484
1365, 1470, 1471, 1486, 1485
1366, 1471, 1472, 1487, 1486
1367, 1472, 1473, 1488, 1487
1368, 1473, 1474, 1489, 1488
1369, 1474, 1475, 1490, 1489
1370, 1475, 1476, 1491, 1490
1371, 1476, 1477, 1492, 1491
1372, 1477, 1478, 1493, 1492
1373, 1478, 1479, 1494, 1493
1374, 1479, 1480, 1495, 1494
1375, 1480, 1481, 1496, 1495
1376, 1481, 1482, 1497, 1496
1377, 1482,   44,   43, 1497
1378, 1302, 1483, 1498, 1301
1379, 1483, 1484, 1499, 1498
1380, 1484, 1485, 1500, 1499
1381, 1485, 1486, 1501, 1500
1382, 1486, 1487, 1502, 1501
1383, 1487, 1488, 1503, 1502
1384, 1488, 1489, 1504, 1503
1385, 1489, 1490, 1505, 1504
1386, 1490, 1491, 1506, 1505
1387, 1491, 1492, 1507, 1506
1388, 1492, 1493, 1508, 1507
1389, 1493, 1494, 1509, 1508
1390, 1494, 1495, 1510, 1509
1391, 1495, 1496, 1511, 1510
1392, 1496, 1497, 1512, 1511
1393, 1497,   43,   42, 1512
1394, 1301, 1498, 1513, 1300
1395, 1498, 1499, 1514, 1513
1396, 1499, 1500, 1515, 1514
1397, 1500, 1501, 1516, 1515
1398, 1501, 1502, 1517, 1516
1399, 1502, 1503, 1518, 1517
1400, 1503, 1504, 1519, 1518
1401, 1504, 1505, 1520, 1519
1402, 1505, 1506, 1521, 1520
1403, 1506, 1507, 1522, 1521
1404, 1507, 1508, 1523, 1522
1405, 1508, 1509, 1524, 1523
1406, 1509, 1510, 1525, 1524
1407, 1510, 1511, 1526, 1525
1408, 1511, 1512, 1527, 1526
1409, 1512,   42,   41, 1527
1410, 1300, 1513, 1299, 1284
1411, 1513, 1514, 1298, 1299
1412, 1514, 1515, 1297, 1298
1413, 1515, 1516, 1296, 1297
1414, 1516, 1517, 1295, 1296
1415, 1517, 1518, 1294, 1295
1416, 1518, 1519, 1293, 1294
1417, 1519, 1520, 1292, 1293
1418, 1520, 1521, 1291, 1292
1419, 1521, 1522, 1290, 1291
1420, 1522, 1523, 1289, 1290
1421, 1523, 1524, 1288, 1289
1422, 1524, 1525, 1287, 1288
1423, 1525, 1526, 1286, 1287
1424, 1526, 1527, 1285, 1286
1425, 1527,   41,   40, 1285
1426,   40,   39, 1528, 1285
1427,   39,   38, 1529, 1528
1428,   38,   37, 1530, 1529
1429,   37,   36, 1531, 1530
1430,   36,    1,  174, 1531
1431, 1285, 1528, 1532, 1286
1432, 1528, 1529, 1533, 1532
1433, 1529, 1530, 1534, 1533
1434, 1530, 1531, 1535, 1534
1435, 1531,  174,  175, 1535
1436, 1286, 1532, 1536, 1287
1437, 1532, 1533, 1537, 1536
1438, 1533, 1534, 1538, 1537
1439, 1534, 1535, 1539, 1538
1440, 1535,  175,  176, 1539
1441, 1287, 1536, 1540, 1288
1442, 1536, 1537, 1541, 1540
1443, 1537, 1538, 1542, 1541
1444, 1538, 1539, 1543, 1542
1445, 1539,  176,  177, 1543
1446, 1288, 1540, 1544, 1289
1447, 1540, 1541, 1545, 1544
1448, 1541, 1542, 1546, 1545
1449, 1542, 1543, 1547, 1546
1450, 1543,  177,  178, 1547
1451, 1289, 1544, 1548, 1290
1452, 1544, 1545, 1549, 1548
1453, 1545, 1546, 1550, 1549
1454, 1546, 1547, 1551, 1550
1455, 1547,  178,  179, 1551
1456, 1290, 1548, 1552, 1291
1457, 1548, 1549, 1553, 1552
1458, 1549, 1550, 1554, 1553
1459, 1550, 1551, 1555, 1554
1460, 1551,  179,  180, 1555
1461, 1291, 1552, 1556, 1292
1462, 1552, 1553, 1557, 1556
1463, 1553, 1554, 1558, 1557
1464, 1554, 1555, 1559, 1558
1465, 1555,  180,  181, 1559
1466, 1292, 1556, 1560, 1293
1467, 1556, 1557, 1561, 1560
1468, 1557, 1558, 1562, 1561
1469, 1558, 1559, 1563, 1562
1470, 1559,  181,  182, 1563
1471, 1293, 1560, 1564, 1294
1472, 1560, 1561, 1565, 1564
1473, 1561, 1562, 1566, 1565
1474, 1562, 1563, 1567, 1566
1475, 1563,  182,  183, 1567
1476, 1294, 1564, 1568, 1295
1477, 1564, 1565, 1569, 1568
1478, 1565, 1566, 1570, 1569
1479, 1566, 1567, 1571, 1570
1480, 1567,  183,  184, 1571
1481, 1295, 1568, 1572, 1296
1482, 1568, 1569, 1573, 1572
1483, 1569, 1570, 1574, 1573
1484, 1570, 1571, 1575, 1574
1485, 1571,  184,  185, 1575
1486, 1296, 1572, 1576, 1297
1487, 1572, 1573, 1577, 1576
1488, 1573, 1574, 1578, 1577
1489, 1574, 1575, 1579, 1578
1490, 1575,  185,  186, 1579
1491, 1297, 1576, 1580, 1298
1492, 1576, 1577, 1581, 1580
1493, 1577, 1578, 1582, 1581
1494, 1578, 1579, 1583, 1582
1495, 1579,  186,  187, 1583
1496, 1298, 1580, 1584, 1299
1497, 1580, 1581, 1585, 1584
1498, 1581, 1582, 1586, 1585
1499, 1582, 1583, 1587, 1586
1500, 1583,  187,  188, 1587
1501, 1299, 1584, 1317, 1284
1502, 1584, 1585, 1316, 1317
1503, 1585, 1586, 1315, 1316
1504, 1586, 1587, 1314, 1315
1505, 1587,  188,  189, 1314
1506,  189,  190, 1588, 1314
1507,  190,  191, 1589, 1588
1508,  191,  192, 1590, 1589
1509,  192,  193, 1591, 1590
1510,  193,  194, 1592, 1591
1511,  194,  195, 1593, 1592
1512,  195,  196, 1594, 1593
1513,  196,  197, 1595, 1594
1514,  197,  198, 1596, 1595
1515,  198,  199, 1597, 1596
1516,  199,  200, 1598, 1597
1517,  200,  201, 1599, 1598
1518,  201,  202, 1600, 1599
1519,  202,  203, 1601, 1600
1520,  203,    5,  173, 1601
1521, 1314, 1588, 1602, 1315
1522, 1588, 1589, 1603, 1602
1523, 1589, 1590, 1604, 1603
1524, 1590, 1591, 1605, 1604
1525, 1591, 1592, 1606, 1605
1526, 1592, 1593, 1607, 1606
1527, 1593, 1594, 1608, 1607
1528, 1594, 1595, 1609, 1608
1529, 1595, 1596, 1610, 1609
1530, 1596, 1597, 1611, 1610
1531, 1597, 1598, 1612, 1611
1532, 1598, 1599, 1613, 1612
1533, 1599, 1600, 1614, 1613
1534, 1600, 1601, 1615, 1614
1535, 1601,  173,  172, 1615
1536, 1315, 1602, 1616, 1316
1537, 1602, 1603, 1617, 1616
1538, 1603, 1604, 1618, 1617
1539, 1604, 1605, 1619, 1618
1540, 1605, 1606, 1620, 1619
1541, 1606, 1607, 1621, 1620
1542, 1607, 1608, 1622, 1621
1543, 1608, 1609, 1623, 1622
1544, 1609, 1610, 1624, 1623
1545, 1610, 1611, 1625, 1624
1546, 1611, 1612, 1626, 1625
1547, 1612, 1613, 1627, 1626
1548, 1613, 1614, 1628, 1627
1549, 1614, 1615, 1629, 1628
1550, 1615,  172,  171, 1629
1551, 1316, 1616, 1630, 1317
1552, 1616, 1617, 1631, 1630
1553, 1617, 1618, 1632, 1631
1554, 1618, 1619, 1633, 1632
1555, 1619, 1620, 1634, 1633
1556, 1620, 1621, 1635, 1634
1557, 1621, 1622, 1636, 1635
1558, 1622, 1623, 1637, 1636
1559, 1623, 1624, 1638, 1637
1560, 1624, 1625, 1639, 1638
1561, 1625, 1626, 1640, 1639
1562, 1626, 1627, 1641, 1640
1563, 1627, 1628, 1642, 1641
1564, 1628, 1629, 1643, 1642
1565, 1629,  171,  170, 1643
1566, 1317, 1630, 1300, 1284
1567, 1630, 1631, 1301, 1300
1568, 1631, 1632, 1302, 1301
1569, 1632, 1633, 1303, 1302
1570, 1633, 1634, 1304, 1303
1571, 1634, 1635, 1305, 1304
1572, 1635, 1636, 1306, 1305
1573, 1636, 1637, 1307, 1306
1574, 1637, 1638, 1308, 1307
1575, 1638, 1639, 1309, 1308
1576, 1639, 1640, 1310, 1309
1577, 1640, 1641, 1311, 1310
1578, 1641, 1642, 1312, 1311
1579, 1642, 1643, 1313, 1312
1580, 1643,  170,  169, 1313