1.000 21.140 13.602 -51.131 0.023 1.009 0.174
2.000 20.613 12.045 -32.267 0.455 1.121 0.079
3.000 18.045 15.748 -13.732 0.288 1.083 0.135
4.000 19.576 14.820 -15.432 0.944 1.074 0.065
5.000 20.677 14.609 -66.247 0.663 1.189 0.217
6.000 19.253 9.898 -13.425 0.968 1.217 0.100
7.000 20.040 14.754 2.151 0.303 1.019 0.239
8.000 18.229 9.782 -38.302 0.933 1.349 0.114
9.000 17.443 11.479 -10.142 0.849 1.172 0.077
10.000 22.017 12.476 -80.130 0.705 1.096 0.173
11.000 20.733 9.926 -34.614 0.562 1.261 0.230
12.000 25.122 8.041 -41.254 0.835 1.199 0.074
13.000 24.790 13.933 -80.692 0.358 1.233 0.220
14.000 19.803 14.338 -59.599 0.368 1.254 0.233
15.000 22.096 9.702 -56.470 0.816 1.055 0.244
16.000 26.253 15.586 -39.596 0.861 1.085 0.165
17.000 23.186 10.558 -22.063 0.386 1.081 0.217
18.000 19.911 15.608 -77.535 0.191 1.183 0.242
19.000 23.886 11.874 -72.190 0.988 1.236 0.143
20.000 21.590 13.118 -67.995 0.208 1.058 0.226
21.000 21.792 12.793 -26.955 0.573 1.276 0.195
22.000 25.545 12.742 -37.444 0.531 1.284 0.085
23.000 21.430 14.800 -45.995 0.782 1.280 0.076
24.000 25.287 9.354 -41.604 0.830 1.048 0.117
25.000 17.272 8.458 -33.782 0.728 1.026 0.189
26.000 25.695 12.024 -64.672 0.011 1.099 0.159
27.000 26.103 14.437 -23.937 0.523 1.325 0.218
28.000 17.558 10.323 -5.813 0.819 1.088 0.095
29.000 26.975 12.202 -30.550 0.117 1.178 0.232
30.000 23.469 10.514 -62.111 0.685 1.227 0.144
31.000 22.304 9.299 -24.474 0.012 1.100 0.175
32.000 25.049 11.596 -21.646 0.748 1.114 0.075
33.000 21.933 13.227 -26.006 0.244 1.182 0.133
34.000 18.561 15.187 -20.280 0.221 1.253 0.130
35.000 20.827 14.638 -48.750 0.824 1.396 0.208
36.000 21.958 15.868 -76.610 0.873 1.063 0.064
37.000 18.804 14.509 -50.861 0.458 1.196 0.222
38.000 19.540 11.553 -86.706 0.106 1.265 0.123
39.000 18.676 9.023 -35.460 0.643 1.013 0.211
40.000 23.108 11.166 -12.192 0.408 1.160 0.236
41.000 18.643 14.235 -37.036 0.334 1.221 0.115
42.000 24.637 9.117 -7.420 0.956 1.207 0.152
43.000 21.255 11.313 -11.295 0.480 1.243 0.052
44.000 25.958 13.457 -9.119 0.890 1.215 0.111
45.000 21.301 11.674 -81.049 0.036 1.385 0.134
46.000 19.666 12.120 -85.671 0.080 1.089 0.093
47.000 24.163 14.854 -56.006 0.624 1.288 0.130
48.000 18.350 8.664 -79.693 0.997 1.371 0.166
49.000 19.399 12.361 -63.161 0.887 1.186 0.205
50.000 17.876 15.525 1.176 0.248 1.264 0.053
51.000 21.726 13.289 -17.615 0.128 1.034 0.124
52.000 25.420 8.499 -26.397 0.183 1.309 0.060
53.000 22.734 14.043 -88.084 0.771 1.300 0.070
54.000 19.471 15.273 -9.599 0.414 1.388 0.245
55.000 20.889 9.000 -32.799 0.719 1.006 0.099
56.000 17.189 13.073 -7.004 0.591 1.188 0.167
57.000 19.111 8.563 -49.386 0.597 1.161 0.230
58.000 20.979 10.013 4.292 0.646 1.324 0.092
59.000 18.988 14.311 -29.649 0.723 1.004 0.197
60.000 23.700 9.526 -25.032 0.306 1.105 0.069
61.000 18.000 8.209 -68.485 0.800 1.301 0.214
62.000 22.129 13.394 -54.593 0.424 1.242 0.090
63.000 24.834 8.748 -79.367 0.786 1.195 0.178
64.000 23.522 13.709 -44.409 0.691 1.140 0.184
65.000 24.301 8.853 -76.079 0.420 1.129 0.208
66.000 24.232 12.880 -29.165 0.278 1.024 0.138
67.000 24.974 8.844 -51.848 0.030 1.270 0.148
68.000 21.369 9.179 -70.520 0.614 1.000 0.176
69.000 17.065 12.352 -85.098 0.491 1.358 0.107
70.000 18.459 12.818 -38.884 0.714 1.030 0.087
71.000 20.563 11.954 -73.642 0.512 1.095 0.154
72.000 19.777 14.990 -10.812 0.125 1.135 0.183
73.000 17.008 8.295 -12.513 0.070 1.313 0.188
74.000 22.832 10.957 -14.438 0.541 1.205 0.162
75.000 23.349 12.660 -5.007 0.801 1.071 0.097
76.000 23.590 8.710 -56.936 0.276 1.336 0.169
77.000 20.205 13.583 -69.199 0.945 1.328 0.091
78.000 22.861 15.970 -53.916 0.655 1.246 0.054
79.000 18.837 10.738 -31.932 0.264 1.080 0.179
80.000 23.746 9.449 -60.925 0.621 1.356 0.102
81.000 23.047 8.255 -40.435 0.092 1.072 0.191
82.000 25.767 10.208 -8.570 0.146 1.109 0.071
83.000 26.436 10.097 -2.745 0.608 1.392 0.082
84.000 21.706 14.367 -5.468 0.374 1.028 0.196
85.000 19.372 11.807 -1.533 0.506 1.118 0.237
86.000 22.554 15.670 -70.119 0.228 1.016 0.081
87.000 26.325 9.411 4.924 0.633 1.201 0.146
88.000 25.499 8.324 -61.414 0.560 1.151 0.150
89.000 20.492 11.146 -0.816 0.299 1.257 0.185
90.000 26.124 15.952 -89.493 0.319 1.285 0.063
91.000 22.211 12.531 3.156 0.114 1.136 0.087
92.000 23.784 10.787 -60.303 0.924 1.039 0.199
93.000 18.198 14.558 -81.900 0.499 1.067 0.225
94.000 25.808 8.152 -20.565 0.437 1.176 0.061
95.000 24.092 9.987 -18.213 0.433 1.127 0.209
96.000 19.153 15.089 -15.663 0.766 1.077 0.093
97.000 24.351 15.140 -83.623 0.087 1.361 0.116
98.000 17.465 11.615 -84.218 0.395 1.314 0.112
99.000 24.458 14.098 -53.467 0.272 1.279 0.207
100.000 17.697 10.139 -77.266 0.391 1.399 0.089
101.000 24.557 12.167 -33.226 0.062 1.008 0.213
102.000 22.455 13.513 -35.712 0.706 1.012 0.199
103.000 25.333 9.629 -83.941 0.474 1.382 0.122
104.000 17.934 9.664 -43.595 0.683 1.147 0.099
105.000 26.740 9.232 -31.219 0.050 1.306 0.067
106.000 17.665 13.489 -42.913 0.174 1.022 0.103
107.000 20.299 14.942 -8.177 0.257 1.050 0.171
108.000 24.046 9.509 -28.048 0.871 1.212 0.102
109.000 19.705 11.973 -19.435 0.096 1.132 0.136
110.000 22.368 14.057 -49.052 0.234 1.317 0.157
111.000 18.100 13.287 -89.281 0.979 1.377 0.186
112.000 17.786 13.771 -23.264 0.312 1.268 0.248
113.000 25.586 10.981 -63.018 0.974 1.238 0.126
114.000 18.292 8.107 -3.552 0.758 1.329 0.054
115.000 25.874 9.271 -43.486 0.806 1.153 0.162
116.000 18.523 11.775 -4.382 0.471 1.124 0.202
117.000 20.509 15.456 -11.763 0.195 1.391 0.128
118.000 18.769 8.940 -71.898 0.906 1.235 0.051
119.000 23.126 13.978 -75.549 0.328 1.333 0.113
120.000 17.526 10.869 -34.516 0.059 1.296 0.158
121.000 22.617 13.660 -2.973 0.501 1.363 0.066
122.000 21.069 15.227 1.658 0.521 1.272 0.084
123.000 23.286 13.007 -45.301 0.773 1.309 0.164
124.000 23.949 11.096 -16.222 0.289 1.384 0.154
125.000 23.920 10.457 -66.791 0.754 1.033 0.161
126.000 19.843 13.781 -64.624 0.250 1.108 0.128
127.000 17.127 11.381 -69.670 0.331 1.346 0.192
128.000 21.497 10.419 -55.267 0.696 1.145 0.072
129.000 21.642 8.793 2.561 0.150 1.395 0.059
130.000 17.282 15.039 -29.855 0.362 1.191 0.119
131.000 22.957 10.668 -28.720 0.465 1.371 0.232
132.000 26.642 12.915 -48.279 0.898 1.068 0.181
133.000 26.020 11.212 -25.176 0.850 1.113 0.083
134.000 20.270 14.163 -0.251 0.962 1.291 0.073
135.000 20.838 9.595 -38.082 0.158 1.164 0.188
136.000 26.826 11.438 -46.743 0.839 1.230 0.109
137.000 23.628 10.045 -36.427 0.405 1.321 0.125
138.000 24.770 11.732 -61.881 0.181 1.353 0.156
139.000 17.749 10.265 -86.092 0.355 1.143 0.219
140.000 23.277 14.194 -22.526 0.378 1.258 0.193
141.000 20.395 10.640 -55.043 0.993 1.227 0.168
142.000 20.145 12.249 -40.093 0.903 1.219 0.145
143.000 26.907 13.859 -50.240 0.019 1.093 0.200
144.000 22.415 14.920 -64.086 0.045 1.053 0.240
145.000 26.482 13.901 -74.484 0.202 1.292 0.246
146.000 26.177 10.584 -67.382 0.137 1.349 0.248
147.000 25.654 8.397 -6.240 0.912 1.366 0.227
148.000 18.392 8.610 -2.328 0.102 1.339 0.224
149.000 20.343 11.365 -78.485 0.140 1.170 0.149
150.000 24.501 13.345 -59.014 0.935 1.303 0.056
151.000 26.836 12.611 -65.246 0.216 1.343 0.096
152.000 26.351 11.066 -52.210 0.569 1.342 0.106
153.000 19.965 10.279 3.642 0.347 1.296 0.142
154.000 17.359 12.278 0.528 0.952 1.247 0.139
155.000 24.422 14.454 -16.892 0.659 1.119 0.121
156.000 19.055 14.669 -73.322 0.672 1.045 0.228
157.000 24.715 15.311 -72.992 0.601 1.104 0.203
158.000 19.333 12.436 -19.231 0.919 1.129 0.138
159.000 24.183 15.856 -57.402 0.671 1.042 0.152
160.000 25.223 8.088 -75.102 0.488 1.056 0.250
161.000 24.939 10.365 -18.333 0.005 1.334 0.241
162.000 20.102 15.418 -47.442 0.793 1.168 0.106
163.000 22.261 11.848 -82.472 0.736 1.354 0.238
164.000 26.542 12.940 -88.503 0.040 1.156 0.203
165.000 21.013 15.702 -78.386 0.538 1.223 0.171
166.000 21.182 12.711 -82.972 0.578 1.210 0.062
167.000 25.213 9.846 -66.326 0.742 1.249 0.119
168.000 25.891 8.924 -21.244 0.343 1.142 0.108
169.000 26.676 15.343 -71.162 0.881 1.274 0.222
170.000 18.916 13.158 -46.493 0.167 1.380 0.215
171.000 23.416 15.503 -58.747 0.226 1.036 0.141
172.000 25.106 12.575 -14.997 0.635 1.060 0.177
173.000 22.671 9.758 -52.952 0.162 1.203 0.235
174.000 21.883 9.082 -87.345 0.449 1.155 0.058
175.000 22.603 10.842 -44.660 0.444 1.367 0.180
176.000 18.151 11.282 -0.314 0.555 1.319 0.149
177.000 21.503 10.894 -87.584 0.546 1.175 0.132
178.000 22.902 15.778 -42.084 0.587 1.165 0.193
179.000 26.583 13.042 -27.684 0.862 1.375 0.079
180.000 19.215 8.402 -57.847 0.072 1.043 0.211
