2433.372352
881.0137094
659.9655641
458.4407072
1907.069064
5904.630873
1258.914664
137.823339
583.9471735
1018.061807
1367.371281
420.2749775
1250.198035
1852.567713
2086.735319
10.31098481
769.4926635
3699.885219
2070.664315
46.92984899
2114.75738
98.94319878
1298.224141
2335.932586
5379.451599
6979.288325
2212.381787
5472.76593
33.10114349
2835.666267
1847.521694
3406.294733
1104.272414
1765.994503
147.0497548
679.200453
3279.339726
3133.083451
1897.848986
3183.319587
2298.618429
3258.99617
971.4147024
537.2873552
1761.963457
202.8676927
6696.297834
983.5400101
3295.019842
3300.827657
5391.641974
1373.500708
664.7697851
870.6321563
179.2261378
51.81622889
1188.612012
0.94511268
5493.943851
4220.355998
525.7344973
608.9599797
5210.846156
91.56055549
3321.411466
2689.698745
1281.588876
37.08985356
2985.156916
600.3809422
1477.010492
-1.31e-10
5335.603579
213.5590932
1179.657357
125.3087771
3706.212393
121.6894231
129.7530662
1572.620607
3004.146603
5573.063974
3206.698133
3333.185287
5111.331165
1319.892381
4161.859134
3971.796119
158.6022986
1007.506677
1471.460917
66.67247366
820.6281335
229.3087065
755.7891232
173.5949193
0.102037181
4380.199957
998.1725817
2643.486586
336.0367776
645.1926796
7380.009273
360.5382081
5290.565244
535.7615816
1060.521898
3880.138868
3244.947148
811.8896066
148.170184
2945.970237
8219.023369
181.9504609
3026.79664
6244.279678
65.97765544
629.6992593
7.172756306
5605.516308
1037.182622
1252.583875
6357.918514
88.31230192
2998.36149
5234.908565
4264.39536
1790.085642
196.621198
4560.224258
3797.553671
4898.765671
2621.094088
339.8493368
5857.736146
3047.826441
3814.142786
3599.527135
252.928681
4198.208399
1511.828322
1283.941781
4827.926485
4305.955116
355.4669745
2171.010039
2408.225045
163.6623574
3669.23653
1279.685259
