1.78336
1.72124
1.61075
1.63516
1.96016
1.5154
1.77504
1.71387
1.69077
1.64535
1.83585
2.08644
1.93908
1.83011
1.69921
1.9349
1.67116
1.7758
1.62062
1.75191
1.74357
1.7127
1.64973
1.68956
1.65273
1.87218
1.79433
1.5585
1.78038
1.86737
1.79012
1.62095
1.6732
1.70116
1.89804
1.59477
1.74112
1.91151
1.87436
1.70539
1.78739
1.93658
1.74017
1.59652
1.73626
1.58649
1.92429
1.97912
1.87828
1.84242
1.73588
1.63207
1.70567
1.86597
1.58183
1.73892
1.92623
1.65799
1.64662
1.66058
1.82979
1.60026
1.76847
1.57987
1.81886
1.72294
1.64946
1.85248
1.58724
1.85692
2.17655
1.82411
1.77389
1.50314
1.66824
1.75564
1.63821
1.59946
1.58711
1.93294
1.71739
1.66794
1.82615
1.5385
1.83164
1.73742
1.71828
1.75441
1.78768
1.88535
1.81526
1.59838
1.77146
1.65851
1.85033
1.64657
1.82423
1.93938
1.97359
1.72748
1.58444
2.05997
2.00509
1.93627
1.81202
2.04809
2.18326
1.78769
1.88378
1.58409
1.50987
1.67778
2.16101
1.59106
1.59393
1.87501
1.53836
1.85518
1.88452
1.66365
1.84823
1.59978
1.71136
1.91786
1.64742
1.66864
1.54405
1.61939
1.74126
1.77513
1.63314
1.84547
1.85244
1.76584
1.84323
1.75124
1.68011
1.61754
1.83743
1.9395
1.74804
1.68789
1.46926
1.73564
1.64323
1.65046
1.86978
1.87229
1.93347
1.70878
