23.108 11.166 -12.192 0.408 1.16 0.236
25.42 8.499 -26.397 0.183 1.309 0.06
24.79 13.933 -80.692 0.358 1.233 0.22
17.127 11.381 -69.67 0.331 1.346 0.192
18.769 8.94 -71.898 0.906 1.235 0.051
21.14 13.602 -51.131 0.023 1.009 0.174
21.255 11.313 -11.295 0.48 1.243 0.052
24.163 14.854 -56.006 0.624 1.288 0.13
21.792 12.793 -26.955 0.573 1.276 0.195
19.54 11.553 -86.706 0.106 1.265 0.123
20.145 12.249 -40.093 0.903 1.219 0.145
21.642 8.793 2.561 0.15 1.395 0.059
20.492 11.146 -0.816 0.299 1.257 0.185
19.399 12.361 -63.161 0.887 1.186 0.205
23.522 13.709 -44.409 0.691 1.14 0.184
20.509 15.456 -11.763 0.195 1.391 0.128
26.74 9.232 -31.219 0.05 1.306 0.067
26.642 12.915 -48.279 0.898 1.068 0.181
22.671 9.758 -52.952 0.162 1.203 0.235
26.436 10.097 -2.745 0.608 1.392 0.082
24.834 8.748 -79.367 0.786 1.195 0.178
22.261 11.848 -82.472 0.736 1.354 0.238
21.182 12.711 -82.972 0.578 1.21 0.062
24.715 15.311 -72.992 0.601 1.104 0.203
24.232 12.88 -29.165 0.278 1.024 0.138
18.676 9.023 -35.46 0.643 1.013 0.211
25.122 8.041 -41.254 0.835 1.199 0.074
17.665 13.489 -42.913 0.174 1.022 0.103
26.103 14.437 -23.937 0.523 1.325 0.218
19.333 12.436 -19.231 0.919 1.129 0.138
26.325 9.411 4.924 0.633 1.201 0.146
24.301 8.853 -76.079 0.42 1.129 0.208
25.213 9.846 -66.326 0.742 1.249 0.119
26.975 12.202 -30.55 0.117 1.178 0.232
20.205 13.583 -69.199 0.945 1.328 0.091
19.803 14.338 -59.599 0.368 1.254 0.233
24.092 9.987 -18.213 0.433 1.127 0.209
19.705 11.973 -19.435 0.096 1.132 0.136
24.637 9.117 -7.42 0.956 1.207 0.152
17.749 10.265 -86.092 0.355 1.143 0.219
24.422 14.454 -16.892 0.659 1.119 0.121
18.045 15.748 -13.732 0.288 1.083 0.135
26.826 11.438 -46.743 0.839 1.23 0.109
23.628 10.045 -36.427 0.405 1.321 0.125
21.933 13.227 -26.006 0.244 1.182 0.133
22.368 14.057 -49.052 0.234 1.317 0.157
17.272 8.458 -33.782 0.728 1.026 0.189
19.965 10.279 3.642 0.347 1.296 0.142
19.372 11.807 -1.533 0.506 1.118 0.237
21.958 15.868 -76.61 0.873 1.063 0.064
25.287 9.354 -41.604 0.83 1.048 0.117
18.804 14.509 -50.861 0.458 1.196 0.222
21.013 15.702 -78.386 0.538 1.223 0.171
25.958 13.457 -9.119 0.89 1.215 0.111
22.603 10.842 -44.66 0.444 1.367 0.18
26.124 15.952 -89.493 0.319 1.285 0.063
17.359 12.278 0.528 0.952 1.247 0.139
24.351 15.14 -83.623 0.087 1.361 0.116
25.223 8.088 -75.102 0.488 1.056 0.25
19.055 14.669 -73.322 0.672 1.045 0.228
24.939 10.365 -18.333 0.005 1.334 0.241
23.59 8.71 -56.936 0.276 1.336 0.169
22.096 9.702 -56.47 0.816 1.055 0.244
25.333 9.629 -83.941 0.474 1.382 0.122
19.153 15.089 -15.663 0.766 1.077 0.093
25.874 9.271 -43.486 0.806 1.153 0.162
19.911 15.608 -77.535 0.191 1.183 0.242
22.617 13.66 -2.973 0.501 1.363 0.066
19.843 13.781 -64.624 0.25 1.108 0.128
20.979 10.013 4.292 0.646 1.324 0.092
17.008 8.295 -12.513 0.07 1.313 0.188
20.827 14.638 -48.75 0.824 1.396 0.208
23.784 10.787 -60.303 0.924 1.039 0.199
26.177 10.584 -67.382 0.137 1.349 0.248
18.643 14.235 -37.036 0.334 1.221 0.115
23.949 11.096 -16.222 0.289 1.384 0.154
18.198 14.558 -81.9 0.499 1.067 0.225
21.301 11.674 -81.049 0.036 1.385 0.134
26.351 11.066 -52.21 0.569 1.342 0.106
20.395 10.64 -55.043 0.993 1.227 0.168
25.049 11.596 -21.646 0.748 1.114 0.075
22.455 13.513 -35.712 0.706 1.012 0.199
19.111 8.563 -49.386 0.597 1.161 0.23
25.695 12.024 -64.672 0.011 1.099 0.159
21.726 13.289 -17.615 0.128 1.034 0.124
22.902 15.778 -42.084 0.587 1.165 0.193
25.106 12.575 -14.997 0.635 1.06 0.177
23.7 9.526 -25.032 0.306 1.105 0.069
22.734 14.043 -88.084 0.771 1.3 0.07
23.886 11.874 -72.19 0.988 1.236 0.143
20.102 15.418 -47.442 0.793 1.168 0.106
23.126 13.978 -75.549 0.328 1.333 0.113
17.786 13.771 -23.264 0.312 1.268 0.248
17.065 12.352 -85.098 0.491 1.358 0.107
18.561 15.187 -20.28 0.221 1.253 0.13
22.957 10.668 -28.72 0.465 1.371 0.232
26.583 13.042 -27.684 0.862 1.375 0.079
22.304 9.299 -24.474 0.012 1.1 0.175
18.292 8.107 -3.552 0.758 1.329 0.054
25.808 8.152 -20.565 0.437 1.176 0.061
24.458 14.098 -53.467 0.272 1.279 0.207
17.876 15.525 1.176 0.248 1.264 0.053
20.889 9 -32.799 0.719 1.006 0.099
21.069 15.227 1.658 0.521 1.272 0.084
23.047 8.255 -40.435 0.092 1.072 0.191
18.35 8.664 -79.693 0.997 1.371 0.166
18.392 8.61 -2.328 0.102 1.339 0.224
23.349 12.66 -5.007 0.801 1.071 0.097
18.523 11.775 -4.382 0.471 1.124 0.202
22.129 13.394 -54.593 0.424 1.242 0.09
24.77 11.732 -61.881 0.181 1.353 0.156
21.883 9.082 -87.345 0.449 1.155 0.058
21.369 9.179 -70.52 0.614 1 0.176
26.482 13.901 -74.484 0.202 1.292 0.246
26.907 13.859 -50.24 0.019 1.093 0.2
19.215 8.402 -57.847 0.072 1.043 0.211
26.836 12.611 -65.246 0.216 1.343 0.096
18.151 11.282 -0.314 0.555 1.319 0.149
19.471 15.273 -9.599 0.414 1.388 0.245
23.92 10.457 -66.791 0.754 1.033 0.161
25.586 10.981 -63.018 0.974 1.238 0.126
24.974 8.844 -51.848 0.03 1.27 0.148
24.557 12.167 -33.226 0.062 1.008 0.213
26.676 15.343 -71.162 0.881 1.274 0.222
25.499 8.324 -61.414 0.56 1.151 0.15
18.459 12.818 -38.884 0.714 1.03 0.087
21.59 13.118 -67.995 0.208 1.058 0.226
26.542 12.94 -88.503 0.04 1.156 0.203
23.286 13.007 -45.301 0.773 1.309 0.164
18.837 10.738 -31.932 0.264 1.08 0.179
19.666 12.12 -85.671 0.08 1.089 0.093
21.706 14.367 -5.468 0.374 1.028 0.196
26.253 15.586 -39.596 0.861 1.085 0.165
22.861 15.97 -53.916 0.655 1.246 0.054
18.988 14.311 -29.649 0.723 1.004 0.197
26.02 11.212 -25.176 0.85 1.113 0.083
24.183 15.856 -57.402 0.671 1.042 0.152
20.563 11.954 -73.642 0.512 1.095 0.154
25.654 8.397 -6.24 0.912 1.366 0.227
20.299 14.942 -8.177 0.257 1.05 0.171
17.282 15.039 -29.855 0.362 1.191 0.119
20.733 9.926 -34.614 0.562 1.261 0.23
22.554 15.67 -70.119 0.228 1.016 0.081
23.186 10.558 -22.063 0.386 1.081 0.217
25.545 12.742 -37.444 0.531 1.284 0.085
21.503 10.894 -87.584 0.546 1.175 0.132
17.443 11.479 -10.142 0.849 1.172 0.077
24.501 13.345 -59.014 0.935 1.303 0.056
25.767 10.208 -8.57 0.146 1.109 0.071
20.677 14.609 -66.247 0.663 1.189 0.217
